Simul Nr;Rep;Pop size;Select coeff;Attempts;Prob allele loss;Prob allele fix;St. dev. allele fix;Aver gen to fix;St. dev. gen to fix
1;1;1000;-0.001;10000000;0.99996570;0.00003430;0.0000018520;3244.99;1592.89
1;2;1000;-0.001;10000000;0.99996190;0.00003810;0.0000019519;3395.17;1733.16
1;3;1000;-0.001;10000000;0.99996480;0.00003520;0.0000018761;3293.55;1489.93
1;4;1000;-0.001;10000000;0.99996390;0.00003610;0.0000019000;3406.94;1696.68
1;5;1000;-0.001;10000000;0.99996180;0.00003820;0.0000019544;3358.94;1667.34
1;6;1000;-0.001;10000000;0.99996330;0.00003670;0.0000019157;3466.46;1580.61
1;7;1000;-0.001;10000000;0.99996300;0.00003700;0.0000019235;3280.03;1502.86
1;8;1000;-0.001;10000000;0.99996090;0.00003910;0.0000019773;3267.92;1590.22
1;9;1000;-0.001;10000000;0.99996110;0.00003890;0.0000019723;3255.38;1516.33
1;10;1000;-0.001;10000000;0.99996140;0.00003860;0.0000019647;3434.72;1645.38
1;11;1000;-0.001;10000000;0.99996350;0.00003650;0.0000019105;3329.90;1587.16
1;12;1000;-0.001;10000000;0.99996540;0.00003460;0.0000018601;3424.66;1523.29
1;13;1000;-0.001;10000000;0.99996490;0.00003510;0.0000018735;3265.85;1456.01
1;14;1000;-0.001;10000000;0.99996270;0.00003730;0.0000019313;3276.43;1575.96
1;15;1000;-0.001;10000000;0.99996470;0.00003530;0.0000018788;3250.92;1473.18
1;16;1000;-0.001;10000000;0.99996160;0.00003840;0.0000019596;3428.77;1726.67
1;17;1000;-0.001;10000000;0.99996310;0.00003690;0.0000019209;3318.69;1719.86
1;18;1000;-0.001;10000000;0.99996440;0.00003560;0.0000018868;3301.12;1620.89
1;19;1000;-0.001;10000000;0.99996200;0.00003800;0.0000019493;3258.86;1490.47
1;20;1000;-0.001;10000000;0.99996310;0.00003690;0.0000019209;3374.22;1719.48
1;1;1000;-0.002;10000000;0.99999830;0.00000170;0.0000004123;2655.94;718.33
1;2;1000;-0.002;10000000;0.99999790;0.00000210;0.0000004583;2358.38;960.52
1;3;1000;-0.002;10000000;0.99999890;0.00000110;0.0000003317;3060.45;1241.74
1;4;1000;-0.002;10000000;0.99999770;0.00000230;0.0000004796;2449.00;1149.86
1;5;1000;-0.002;10000000;0.99999830;0.00000170;0.0000004123;2241.29;604.33
1;6;1000;-0.002;10000000;0.99999860;0.00000140;0.0000003742;2702.00;1024.73
1;7;1000;-0.002;10000000;0.99999900;0.00000100;0.0000003162;2675.30;1375.65
1;8;1000;-0.002;10000000;0.99999790;0.00000210;0.0000004583;2567.33;778.63
1;9;1000;-0.002;10000000;0.99999840;0.00000160;0.0000004000;2301.62;1154.27
1;10;1000;-0.002;10000000;0.99999900;0.00000100;0.0000003162;2275.40;574.80
1;11;1000;-0.002;10000000;0.99999870;0.00000130;0.0000003606;2223.69;720.33
1;12;1000;-0.002;10000000;0.99999870;0.00000130;0.0000003606;2751.85;739.17
1;13;1000;-0.002;10000000;0.99999860;0.00000140;0.0000003742;2466.57;969.60
1;14;1000;-0.002;10000000;0.99999840;0.00000160;0.0000004000;2403.12;578.51
1;15;1000;-0.002;10000000;0.99999860;0.00000140;0.0000003742;2597.86;1229.32
1;16;1000;-0.002;10000000;0.99999860;0.00000140;0.0000003742;2322.00;645.03
1;17;1000;-0.002;10000000;0.99999860;0.00000140;0.0000003742;2747.50;1367.74
1;18;1000;-0.002;10000000;0.99999850;0.00000150;0.0000003873;2049.73;522.82
1;19;1000;-0.002;10000000;0.99999850;0.00000150;0.0000003873;2470.27;799.37
1;20;1000;-0.002;10000000;0.99999830;0.00000170;0.0000004123;2319.47;817.05
2;1;1000;-0.003;10000000;1.00000000;0.00000000;0.0000000000;nan;nan
2;2;1000;-0.003;10000000;0.99999980;0.00000020;0.0000001414;1439.50;210.50
2;3;1000;-0.003;10000000;1.00000000;0.00000000;0.0000000000;nan;nan
2;4;1000;-0.003;10000000;1.00000000;0.00000000;0.0000000000;nan;nan
2;5;1000;-0.003;10000000;1.00000000;0.00000000;0.0000000000;nan;nan
2;6;1000;-0.003;10000000;1.00000000;0.00000000;0.0000000000;nan;nan
2;7;1000;-0.003;10000000;0.99999990;0.00000010;0.0000001000;1319.00;0.00
2;8;1000;-0.003;10000000;1.00000000;0.00000000;0.0000000000;nan;nan
2;9;1000;-0.003;10000000;1.00000000;0.00000000;0.0000000000;nan;nan
2;10;1000;-0.003;10000000;1.00000000;0.00000000;0.0000000000;nan;nan
2;11;1000;-0.003;10000000;0.99999990;0.00000010;0.0000001000;1409.00;0.00
2;12;1000;-0.003;10000000;0.99999990;0.00000010;0.0000001000;1773.00;0.00
2;13;1000;-0.003;10000000;1.00000000;0.00000000;0.0000000000;nan;nan
2;14;1000;-0.003;10000000;1.00000000;0.00000000;0.0000000000;nan;nan
2;15;1000;-0.003;10000000;1.00000000;0.00000000;0.0000000000;nan;nan
2;16;1000;-0.003;10000000;0.99999990;0.00000010;0.0000001000;1234.00;0.00
2;17;1000;-0.003;10000000;1.00000000;0.00000000;0.0000000000;nan;nan
2;18;1000;-0.003;10000000;1.00000000;0.00000000;0.0000000000;nan;nan
2;19;1000;-0.003;10000000;1.00000000;0.00000000;0.0000000000;nan;nan
2;20;1000;-0.003;10000000;0.99999990;0.00000010;0.0000001000;1017.00;0.00
3;1;1000;-0.004;10000000;1.00000000;0.00000000;0.0000000000;nan;nan
3;2;1000;-0.004;10000000;1.00000000;0.00000000;0.0000000000;nan;nan
3;3;1000;-0.004;10000000;1.00000000;0.00000000;0.0000000000;nan;nan
3;4;1000;-0.004;10000000;1.00000000;0.00000000;0.0000000000;nan;nan
3;5;1000;-0.004;10000000;1.00000000;0.00000000;0.0000000000;nan;nan
3;6;1000;-0.004;10000000;1.00000000;0.00000000;0.0000000000;nan;nan
3;7;1000;-0.004;10000000;1.00000000;0.00000000;0.0000000000;nan;nan
3;8;1000;-0.004;10000000;1.00000000;0.00000000;0.0000000000;nan;nan
3;9;1000;-0.004;10000000;1.00000000;0.00000000;0.0000000000;nan;nan
3;10;1000;-0.004;10000000;1.00000000;0.00000000;0.0000000000;nan;nan
3;11;1000;-0.004;10000000;1.00000000;0.00000000;0.0000000000;nan;nan
3;12;1000;-0.004;10000000;1.00000000;0.00000000;0.0000000000;nan;nan
3;13;1000;-0.004;10000000;1.00000000;0.00000000;0.0000000000;nan;nan
3;14;1000;-0.004;10000000;1.00000000;0.00000000;0.0000000000;nan;nan
3;15;1000;-0.004;10000000;1.00000000;0.00000000;0.0000000000;nan;nan
3;16;1000;-0.004;10000000;1.00000000;0.00000000;0.0000000000;nan;nan
3;17;1000;-0.004;10000000;1.00000000;0.00000000;0.0000000000;nan;nan
3;18;1000;-0.004;10000000;1.00000000;0.00000000;0.0000000000;nan;nan
3;19;1000;-0.004;10000000;1.00000000;0.00000000;0.0000000000;nan;nan
3;20;1000;-0.004;10000000;1.00000000;0.00000000;0.0000000000;nan;nan
4;1;1000;-0.005;10000000;1.00000000;0.00000000;0.0000000000;nan;nan
4;2;1000;-0.005;10000000;1.00000000;0.00000000;0.0000000000;nan;nan
4;3;1000;-0.005;10000000;1.00000000;0.00000000;0.0000000000;nan;nan
4;4;1000;-0.005;10000000;1.00000000;0.00000000;0.0000000000;nan;nan
4;5;1000;-0.005;10000000;1.00000000;0.00000000;0.0000000000;nan;nan
4;6;1000;-0.005;10000000;1.00000000;0.00000000;0.0000000000;nan;nan
4;7;1000;-0.005;10000000;1.00000000;0.00000000;0.0000000000;nan;nan
4;8;1000;-0.005;10000000;1.00000000;0.00000000;0.0000000000;nan;nan
4;9;1000;-0.005;10000000;1.00000000;0.00000000;0.0000000000;nan;nan
4;10;1000;-0.005;10000000;1.00000000;0.00000000;0.0000000000;nan;nan
4;11;1000;-0.005;10000000;1.00000000;0.00000000;0.0000000000;nan;nan
4;12;1000;-0.005;10000000;1.00000000;0.00000000;0.0000000000;nan;nan
4;13;1000;-0.005;10000000;1.00000000;0.00000000;0.0000000000;nan;nan
4;14;1000;-0.005;10000000;1.00000000;0.00000000;0.0000000000;nan;nan
4;15;1000;-0.005;10000000;1.00000000;0.00000000;0.0000000000;nan;nan
4;16;1000;-0.005;10000000;1.00000000;0.00000000;0.0000000000;nan;nan
4;17;1000;-0.005;10000000;1.00000000;0.00000000;0.0000000000;nan;nan
4;18;1000;-0.005;10000000;1.00000000;0.00000000;0.0000000000;nan;nan
4;19;1000;-0.005;10000000;1.00000000;0.00000000;0.0000000000;nan;nan
4;20;1000;-0.005;10000000;1.00000000;0.00000000;0.0000000000;nan;nan
1;1;1000;-0.001;10000000;0.99996640;0.00003360;0.0000018330;3093.49;1413.95
1;2;1000;-0.001;10000000;0.99996170;0.00003830;0.0000019570;3356.32;1684.91
1;3;1000;-0.001;10000000;0.99996480;0.00003520;0.0000018761;3300.59;1550.81
1;4;1000;-0.001;10000000;0.99996320;0.00003680;0.0000019183;3508.36;1640.03
1;5;1000;-0.001;10000000;0.99996430;0.00003570;0.0000018894;3570.71;1662.60
1;6;1000;-0.001;10000000;0.99996200;0.00003800;0.0000019493;3516.95;1798.03
1;7;1000;-0.001;10000000;0.99996640;0.00003360;0.0000018330;3375.65;1472.10
1;8;1000;-0.001;10000000;0.99996030;0.00003970;0.0000019924;3330.46;1562.43
1;9;1000;-0.001;10000000;0.99996200;0.00003800;0.0000019493;3370.92;1613.40
1;10;1000;-0.001;10000000;0.99996670;0.00003330;0.0000018248;3382.42;1559.03
1;11;1000;-0.001;10000000;0.99996440;0.00003560;0.0000018868;3363.18;1575.39
1;12;1000;-0.001;10000000;0.99996220;0.00003780;0.0000019442;3242.51;1543.96
1;13;1000;-0.001;10000000;0.99996200;0.00003800;0.0000019493;3307.89;1549.05
1;14;1000;-0.001;10000000;0.99996170;0.00003830;0.0000019570;3346.35;1565.04
1;15;1000;-0.001;10000000;0.99996540;0.00003460;0.0000018601;3291.36;1621.47
1;16;1000;-0.001;10000000;0.99996280;0.00003720;0.0000019287;3312.60;1523.82
1;17;1000;-0.001;10000000;0.99996500;0.00003500;0.0000018708;3289.74;1491.65
1;18;1000;-0.001;10000000;0.99996390;0.00003610;0.0000019000;3310.10;1661.51
1;19;1000;-0.001;10000000;0.99996360;0.00003640;0.0000019078;3349.32;1591.64
1;20;1000;-0.001;10000000;0.99996260;0.00003740;0.0000019339;3408.31;1737.84
2;1;1000;-0.0005;10000000;0.99984460;0.00015540;0.0000039418;3812.84;2019.92
2;2;1000;-0.0005;10000000;0.99984000;0.00016000;0.0000039997;3712.72;1874.67
2;3;1000;-0.0005;10000000;0.99984480;0.00015520;0.0000039392;3815.63;2013.46
2;4;1000;-0.0005;10000000;0.99985260;0.00014740;0.0000038390;3793.84;2027.06
2;5;1000;-0.0005;10000000;0.99984400;0.00015600;0.0000039494;3842.97;2048.20
2;6;1000;-0.0005;10000000;0.99983930;0.00016070;0.0000040084;3703.11;1788.92
2;7;1000;-0.0005;10000000;0.99984130;0.00015870;0.0000039834;3828.43;1972.27
2;8;1000;-0.0005;10000000;0.99984260;0.00015740;0.0000039671;3827.60;2016.51
2;9;1000;-0.0005;10000000;0.99984150;0.00015850;0.0000039809;3806.74;1996.52
2;10;1000;-0.0005;10000000;0.99984070;0.00015930;0.0000039909;3888.59;2020.64
2;11;1000;-0.0005;10000000;0.99984410;0.00015590;0.0000039481;3752.49;1894.28
2;12;1000;-0.0005;10000000;0.99984600;0.00015400;0.0000039240;3773.74;1929.68
2;13;1000;-0.0005;10000000;0.99984650;0.00015350;0.0000039176;3803.58;2038.24
2;14;1000;-0.0005;10000000;0.99984950;0.00015050;0.0000038791;3804.08;1998.06
2;15;1000;-0.0005;10000000;0.99984840;0.00015160;0.0000038933;3793.54;1904.93
2;16;1000;-0.0005;10000000;0.99984370;0.00015630;0.0000039532;3833.33;2045.34
2;17;1000;-0.0005;10000000;0.99984590;0.00015410;0.0000039253;3852.78;1981.13
2;18;1000;-0.0005;10000000;0.99984710;0.00015290;0.0000039099;3808.77;1974.12
2;19;1000;-0.0005;10000000;0.99985330;0.00014670;0.0000038299;3805.69;1975.12
2;20;1000;-0.0005;10000000;0.99984880;0.00015120;0.0000038882;3818.51;1957.09
1;1;10;0.1;10000;0.82570000;0.17430000;0.0037936725;32.22;16.58
1;2;10;0.1;10000;0.82630000;0.17370000;0.0037885130;30.94;15.54
1;3;10;0.1;10000;0.82020000;0.17980000;0.0038402078;31.40;15.86
1;4;10;0.1;10000;0.81160000;0.18840000;0.0039103125;31.16;15.41
1;5;10;0.1;10000;0.81630000;0.18370000;0.0038723934;30.68;15.24
1;6;10;0.1;10000;0.81570000;0.18430000;0.0038772866;31.80;16.00
1;7;10;0.1;10000;0.82630000;0.17370000;0.0037885130;31.82;17.05
1;8;10;0.1;10000;0.82470000;0.17530000;0.0038022350;31.44;15.19
1;9;10;0.1;10000;0.82590000;0.17410000;0.0037919545;31.70;15.90
1;10;10;0.1;10000;0.81340000;0.18660000;0.0038959009;30.73;15.02
1;11;10;0.1;10000;0.82130000;0.17870000;0.0038310091;31.60;15.23
1;12;10;0.1;10000;0.82030000;0.17970000;0.0038393738;31.01;15.80
1;13;10;0.1;10000;0.81810000;0.18190000;0.0038576209;31.57;16.47
1;14;10;0.1;10000;0.81490000;0.18510000;0.0038837867;31.74;15.92
1;15;10;0.1;10000;0.81880000;0.18120000;0.0038518380;31.40;16.32
1;16;10;0.1;10000;0.82110000;0.17890000;0.0038326856;31.09;15.29
1;17;10;0.1;10000;0.83100000;0.16900000;0.0037475192;31.88;16.20
1;18;10;0.1;10000;0.81700000;0.18300000;0.0038666652;31.81;16.11
1;19;10;0.1;10000;0.81570000;0.18430000;0.0038772866;32.03;16.58
1;20;10;0.1;10000;0.82580000;0.17420000;0.0037928137;31.76;16.05
2;1;100;0.1;100000;0.82278000;0.17722000;0.0012075308;85.49;20.31
2;2;100;0.1;100000;0.82582000;0.17418000;0.0011993387;85.55;20.14
2;3;100;0.1;100000;0.82381000;0.17619000;0.0012047700;85.53;20.37
2;4;100;0.1;100000;0.82643000;0.17357000;0.0011976788;85.66;20.45
2;5;100;0.1;100000;0.82470000;0.17530000;0.0012023723;85.40;20.16
2;6;100;0.1;100000;0.82431000;0.17569000;0.0012034244;85.47;20.26
2;7;100;0.1;100000;0.82285000;0.17715000;0.0012073437;85.64;20.42
2;8;100;0.1;100000;0.82322000;0.17678000;0.0012063533;85.26;20.27
2;9;100;0.1;100000;0.82546000;0.17454000;0.0012003157;85.67;20.18
2;10;100;0.1;100000;0.82362000;0.17638000;0.0012052804;85.26;20.39
2;11;100;0.1;100000;0.82550000;0.17450000;0.0012002073;85.25;20.27
2;12;100;0.1;100000;0.82449000;0.17551000;0.0012029391;85.65;20.39
2;13;100;0.1;100000;0.82102000;0.17898000;0.0012122135;85.60;20.13
2;14;100;0.1;100000;0.82486000;0.17514000;0.0012019400;85.54;20.41
2;15;100;0.1;100000;0.82318000;0.17682000;0.0012064605;85.38;20.20
2;16;100;0.1;100000;0.82248000;0.17752000;0.0012083321;85.34;20.35
2;17;100;0.1;100000;0.82420000;0.17580000;0.0012037207;85.60;20.14
2;18;100;0.1;100000;0.82461000;0.17539000;0.0012026153;85.32;19.99
2;19;100;0.1;100000;0.82608000;0.17392000;0.0011986319;85.69;20.21
2;20;100;0.1;100000;0.82546000;0.17454000;0.0012003157;85.45;20.32
1;1;10;0.1;10000;0.67990000;0.32010000;0.0046651473;29.87;15.71
1;2;10;0.1;10000;0.68250000;0.31750000;0.0046550376;30.07;16.33
1;3;10;0.1;10000;0.66690000;0.33310000;0.0047132196;30.31;15.81
1;4;10;0.1;10000;0.67850000;0.32150000;0.0046705219;30.39;16.07
1;5;10;0.1;10000;0.66950000;0.33050000;0.0047039319;30.01;15.39
1;6;10;0.1;10000;0.66970000;0.33030000;0.0047032107;30.28;16.54
1;7;10;0.1;10000;0.66890000;0.33110000;0.0047060896;30.44;16.15
1;8;10;0.1;10000;0.67080000;0.32920000;0.0046992272;30.60;16.25
1;9;10;0.1;10000;0.67820000;0.32180000;0.0046716674;30.68;16.04
1;10;10;0.1;10000;0.66810000;0.33190000;0.0047089531;30.33;16.04
1;11;10;0.1;10000;0.67880000;0.32120000;0.0046693743;30.24;16.01
1;12;10;0.1;10000;0.67300000;0.32700000;0.0046911726;30.35;15.43
1;13;10;0.1;10000;0.67880000;0.32120000;0.0046693743;30.13;16.24
1;14;10;0.1;10000;0.66940000;0.33060000;0.0047042921;30.38;16.30
1;15;10;0.1;10000;0.67710000;0.32290000;0.0046758485;30.47;16.05
1;16;10;0.1;10000;0.67930000;0.32070000;0.0046674566;30.55;15.96
1;17;10;0.1;10000;0.67470000;0.32530000;0.0046848683;30.22;16.11
1;18;10;0.1;10000;0.67990000;0.32010000;0.0046651473;30.39;16.30
1;19;10;0.1;10000;0.66320000;0.33680000;0.0047261587;30.04;15.62
1;20;10;0.1;10000;0.67980000;0.32020000;0.0046655328;30.31;16.27
2;1;100;0.1;100000;0.67915000;0.32085000;0.0014761615;84.77;20.25
2;2;100;0.1;100000;0.67887000;0.32113000;0.0014765010;84.68;20.38
2;3;100;0.1;100000;0.67936000;0.32064000;0.0014759065;84.42;19.93
2;4;100;0.1;100000;0.67866000;0.32134000;0.0014767552;84.28;20.12
2;5;100;0.1;100000;0.68177000;0.31823000;0.0014729551;84.66;20.38
2;6;100;0.1;100000;0.67733000;0.32267000;0.0014783574;84.57;20.52
2;7;100;0.1;100000;0.67803000;0.32197000;0.0014775159;84.63;20.26
2;8;100;0.1;100000;0.67962000;0.32038000;0.0014755902;84.59;20.29
2;9;100;0.1;100000;0.67947000;0.32053000;0.0014757727;84.50;20.24
2;10;100;0.1;100000;0.67788000;0.32212000;0.0014776965;84.63;20.24
2;11;100;0.1;100000;0.68176000;0.31824000;0.0014729674;84.33;20.33
2;12;100;0.1;100000;0.68009000;0.31991000;0.0014750173;84.43;20.27
2;13;100;0.1;100000;0.67890000;0.32110000;0.0014764647;84.60;20.20
2;14;100;0.1;100000;0.68090000;0.31910000;0.0014740257;84.65;20.26
2;15;100;0.1;100000;0.67842000;0.32158000;0.0014770454;84.54;20.28
2;16;100;0.1;100000;0.67978000;0.32022000;0.0014753954;84.61;20.35
2;17;100;0.1;100000;0.67860000;0.32140000;0.0014768278;84.37;20.16
2;18;100;0.1;100000;0.68088000;0.31912000;0.0014740503;84.44;20.19
2;19;100;0.1;100000;0.68121000;0.31879000;0.0014736449;84.60;20.22
2;20;100;0.1;100000;0.67719000;0.32281000;0.0014785253;84.46;20.19
1;1;10;0.1;10000;0.45130000;0.54870000;0.0049762266;28.37;15.75
1;2;10;0.1;10000;0.45540000;0.54460000;0.0049800687;27.89;15.59
1;3;10;0.1;10000;0.45800000;0.54200000;0.0049823288;28.62;15.89
1;4;10;0.1;10000;0.44960000;0.55040000;0.0049745335;27.95;15.46
1;5;10;0.1;10000;0.44460000;0.55540000;0.0049692136;28.16;15.76
1;6;10;0.1;10000;0.44320000;0.55680000;0.0049676328;28.34;16.03
1;7;10;0.1;10000;0.44480000;0.55520000;0.0049694362;28.19;15.92
1;8;10;0.1;10000;0.45860000;0.54140000;0.0049828309;27.98;16.06
1;9;10;0.1;10000;0.45660000;0.54340000;0.0049811288;28.50;16.09
1;10;10;0.1;10000;0.44970000;0.55030000;0.0049746348;27.97;16.13
1;11;10;0.1;10000;0.45860000;0.54140000;0.0049828309;28.23;16.18
1;12;10;0.1;10000;0.44500000;0.55500000;0.0049696579;27.96;15.54
1;13;10;0.1;10000;0.45430000;0.54570000;0.0049790713;27.97;15.47
1;14;10;0.1;10000;0.45860000;0.54140000;0.0049828309;28.02;15.93
1;15;10;0.1;10000;0.45260000;0.54740000;0.0049774817;28.23;16.11
1;16;10;0.1;10000;0.45260000;0.54740000;0.0049774817;28.28;15.91
1;17;10;0.1;10000;0.43980000;0.56020000;0.0049636273;27.90;15.46
1;18;10;0.1;10000;0.44620000;0.55380000;0.0049709713;28.11;15.97
1;19;10;0.1;10000;0.45600000;0.54400000;0.0049806024;28.05;16.04
1;20;10;0.1;10000;0.45610000;0.54390000;0.0049806906;27.88;15.75
2;1;100;0.1;100000;0.46121000;0.53879000;0.0015763735;82.67;20.26
2;2;100;0.1;100000;0.45966000;0.54034000;0.0015759844;82.63;20.09
2;3;100;0.1;100000;0.46389000;0.53611000;0.0015770100;82.67;20.17
2;4;100;0.1;100000;0.46038000;0.53962000;0.0015761670;82.62;20.12
2;5;100;0.1;100000;0.46104000;0.53896000;0.0015763316;82.60;20.20
2;6;100;0.1;100000;0.46297000;0.53703000;0.0015767967;82.51;20.09
2;7;100;0.1;100000;0.46256000;0.53744000;0.0015766999;82.52;20.09
2;8;100;0.1;100000;0.46048000;0.53952000;0.0015761922;82.51;20.09
2;9;100;0.1;100000;0.45848000;0.54152000;0.0015756779;82.50;20.14
2;10;100;0.1;100000;0.46239000;0.53761000;0.0015766594;82.50;20.21
2;11;100;0.1;100000;0.46244000;0.53756000;0.0015766713;82.61;20.21
2;12;100;0.1;100000;0.46081000;0.53919000;0.0015762745;82.47;20.17
2;13;100;0.1;100000;0.46115000;0.53885000;0.0015763587;82.50;20.16
2;14;100;0.1;100000;0.46024000;0.53976000;0.0015761318;82.51;20.12
2;15;100;0.1;100000;0.45748000;0.54252000;0.0015754112;82.56;20.17
2;16;100;0.1;100000;0.46248000;0.53752000;0.0015766808;82.60;20.21
2;17;100;0.1;100000;0.46146000;0.53854000;0.0015764348;82.43;20.10
2;18;100;0.1;100000;0.46112000;0.53888000;0.0015763513;82.60;20.29
2;19;100;0.1;100000;0.46156000;0.53844000;0.0015764592;82.54;20.23
2;20;100;0.1;100000;0.46089000;0.53911000;0.0015762944;82.57;20.16
1;1;10;0.1;10000;0.37160000;0.62840000;0.0048323228;26.92;15.76
1;2;10;0.1;10000;0.36540000;0.63460000;0.0048154215;27.36;16.06
1;3;10;0.1;10000;0.37140000;0.62860000;0.0048317910;26.85;15.85
1;4;10;0.1;10000;0.37360000;0.62640000;0.0048375928;26.90;15.88
1;5;10;0.1;10000;0.36830000;0.63170000;0.0048234335;26.88;15.75
1;6;10;0.1;10000;0.37160000;0.62840000;0.0048323228;27.31;15.83
1;7;10;0.1;10000;0.36800000;0.63200000;0.0048226134;27.45;16.15
1;8;10;0.1;10000;0.37110000;0.62890000;0.0048309915;27.11;15.72
1;9;10;0.1;10000;0.36760000;0.63240000;0.0048215168;27.59;15.82
1;10;10;0.1;10000;0.37170000;0.62830000;0.0048325884;26.80;15.47
1;11;10;0.1;10000;0.36660000;0.63340000;0.0048187596;27.13;15.73
1;12;10;0.1;10000;0.36490000;0.63510000;0.0048140211;26.95;15.46
1;13;10;0.1;10000;0.37620000;0.62380000;0.0048443117;27.14;15.77
1;14;10;0.1;10000;0.36730000;0.63270000;0.0048206920;27.03;15.69
1;15;10;0.1;10000;0.37380000;0.62620000;0.0048381149;27.40;16.16
1;16;10;0.1;10000;0.36130000;0.63870000;0.0048037726;27.20;15.83
1;17;10;0.1;10000;0.36370000;0.63630000;0.0048106373;27.28;15.72
1;18;10;0.1;10000;0.37070000;0.62930000;0.0048299225;26.91;15.69
1;19;10;0.1;10000;0.36510000;0.63490000;0.0048145819;27.03;15.69
1;20;10;0.1;10000;0.37020000;0.62980000;0.0048285812;26.92;15.28
2;1;100;0.1;100000;0.38114000;0.61886000;0.0015358135;81.50;20.13
2;2;100;0.1;100000;0.38095000;0.61905000;0.0015356663;81.63;20.08
2;3;100;0.1;100000;0.37984000;0.62016000;0.0015348015;81.52;20.15
2;4;100;0.1;100000;0.37879000;0.62121000;0.0015339757;81.65;20.17
2;5;100;0.1;100000;0.38167000;0.61833000;0.0015362227;81.39;20.08
2;6;100;0.1;100000;0.38040000;0.61960000;0.0015352389;81.62;20.24
2;7;100;0.1;100000;0.38029000;0.61971000;0.0015351531;81.68;20.09
2;8;100;0.1;100000;0.37929000;0.62071000;0.0015343699;81.62;20.30
2;9;100;0.1;100000;0.38212000;0.61788000;0.0015365686;81.66;20.34
2;10;100;0.1;100000;0.37948000;0.62052000;0.0015345192;81.66;20.13
2;11;100;0.1;100000;0.37972000;0.62028000;0.0015347075;81.48;20.05
2;12;100;0.1;100000;0.38177000;0.61823000;0.0015362997;81.55;20.11
2;13;100;0.1;100000;0.38001000;0.61999000;0.0015349345;81.48;20.15
2;14;100;0.1;100000;0.38256000;0.61744000;0.0015369055;81.68;20.13
2;15;100;0.1;100000;0.37977000;0.62023000;0.0015347467;81.38;19.95
2;16;100;0.1;100000;0.38057000;0.61943000;0.0015353712;81.74;20.24
2;17;100;0.1;100000;0.37741000;0.62259000;0.0015328786;81.77;20.20
2;18;100;0.1;100000;0.38026000;0.61974000;0.0015351297;81.66;20.13
2;19;100;0.1;100000;0.38105000;0.61895000;0.0015357438;81.37;20.01
2;20;100;0.1;100000;0.37952000;0.62048000;0.0015345506;81.62;20.08
1;1;10;0.1;10000;0.00000000;1.00000000;0.0000000000;0.00;0.00
1;2;10;0.1;10000;0.00000000;1.00000000;0.0000000000;0.00;0.00
1;3;10;0.1;10000;0.00000000;1.00000000;0.0000000000;0.00;0.00
1;4;10;0.1;10000;0.00000000;1.00000000;0.0000000000;0.00;0.00
1;5;10;0.1;10000;0.00000000;1.00000000;0.0000000000;0.00;0.00
1;6;10;0.1;10000;0.00000000;1.00000000;0.0000000000;0.00;0.00
1;7;10;0.1;10000;0.00000000;1.00000000;0.0000000000;0.00;0.00
1;8;10;0.1;10000;0.00000000;1.00000000;0.0000000000;0.00;0.00
1;9;10;0.1;10000;0.00000000;1.00000000;0.0000000000;0.00;0.00
1;10;10;0.1;10000;0.00000000;1.00000000;0.0000000000;0.00;0.00
1;11;10;0.1;10000;0.00000000;1.00000000;0.0000000000;0.00;0.00
1;12;10;0.1;10000;0.00000000;1.00000000;0.0000000000;0.00;0.00
1;13;10;0.1;10000;0.00000000;1.00000000;0.0000000000;0.00;0.00
1;14;10;0.1;10000;0.00000000;1.00000000;0.0000000000;0.00;0.00
1;15;10;0.1;10000;0.00000000;1.00000000;0.0000000000;0.00;0.00
1;16;10;0.1;10000;0.00000000;1.00000000;0.0000000000;0.00;0.00
1;17;10;0.1;10000;0.00000000;1.00000000;0.0000000000;0.00;0.00
1;18;10;0.1;10000;0.00000000;1.00000000;0.0000000000;0.00;0.00
1;19;10;0.1;10000;0.00000000;1.00000000;0.0000000000;0.00;0.00
1;20;10;0.1;10000;0.00000000;1.00000000;0.0000000000;0.00;0.00
2;1;100;0.1;100000;0.02119000;0.97881000;0.0004554227;68.96;18.17
2;2;100;0.1;100000;0.02068000;0.97932000;0.0004500260;69.14;18.24
2;3;100;0.1;100000;0.02102000;0.97898000;0.0004536316;69.01;18.22
2;4;100;0.1;100000;0.02035000;0.97965000;0.0004464961;69.07;18.28
2;5;100;0.1;100000;0.02084000;0.97916000;0.0004517266;69.01;18.22
2;6;100;0.1;100000;0.02071000;0.97929000;0.0004503454;69.01;18.23
2;7;100;0.1;100000;0.02096000;0.97904000;0.0004529976;68.98;18.17
2;8;100;0.1;100000;0.02091000;0.97909000;0.0004524685;69.00;18.23
2;9;100;0.1;100000;0.02145000;0.97855000;0.0004581473;69.05;18.28
2;10;100;0.1;100000;0.02116000;0.97884000;0.0004551072;68.98;18.24
2;11;100;0.1;100000;0.02106000;0.97894000;0.0004540537;69.00;18.17
2;12;100;0.1;100000;0.01989000;0.98011000;0.0004415245;69.02;18.19
2;13;100;0.1;100000;0.02099000;0.97901000;0.0004533147;69.03;18.27
2;14;100;0.1;100000;0.02141000;0.97859000;0.0004577293;69.07;18.26
2;15;100;0.1;100000;0.02090000;0.97910000;0.0004523626;69.16;18.33
2;16;100;0.1;100000;0.02145000;0.97855000;0.0004581473;69.05;18.23
2;17;100;0.1;100000;0.02194000;0.97806000;0.0004632347;69.08;18.17
2;18;100;0.1;100000;0.02178000;0.97822000;0.0004615802;68.92;18.14
2;19;100;0.1;100000;0.02123000;0.97877000;0.0004558430;69.01;18.19
2;20;100;0.1;100000;0.02083000;0.97917000;0.0004516205;69.07;18.27
1;1;10;0.1;10000;0.12420000;0.87580000;0.0032980958;21.01;14.74
1;2;10;0.1;10000;0.12870000;0.87130000;0.0033486760;20.99;14.82
1;3;10;0.1;10000;0.13030000;0.86970000;0.0033663320;21.14;14.48
1;4;10;0.1;10000;0.12590000;0.87410000;0.0033173663;20.83;14.59
1;5;10;0.1;10000;0.12630000;0.87370000;0.0033218716;20.65;14.73
1;6;10;0.1;10000;0.12770000;0.87230000;0.0033375546;21.05;14.58
1;7;10;0.1;10000;0.12840000;0.87160000;0.0033453466;20.99;14.80
1;8;10;0.1;10000;0.13040000;0.86960000;0.0033674299;20.81;14.53
1;9;10;0.1;10000;0.12810000;0.87190000;0.0033420112;21.04;14.76
1;10;10;0.1;10000;0.12680000;0.87320000;0.0033274879;21.07;14.85
1;11;10;0.1;10000;0.13310000;0.86690000;0.0033968278;20.77;14.46
1;12;10;0.1;10000;0.13050000;0.86950000;0.0033685271;21.15;14.80
1;13;10;0.1;10000;0.13470000;0.86530000;0.0034140286;20.67;14.65
1;14;10;0.1;10000;0.13040000;0.86960000;0.0033674299;20.89;14.73
1;15;10;0.1;10000;0.12800000;0.87200000;0.0033408981;20.94;14.65
1;16;10;0.1;10000;0.12150000;0.87850000;0.0032670744;20.99;14.61
1;17;10;0.1;10000;0.12860000;0.87140000;0.0033475669;20.79;14.68
1;18;10;0.1;10000;0.12690000;0.87310000;0.0033286092;20.98;14.65
1;19;10;0.1;10000;0.13050000;0.86950000;0.0033685271;21.16;15.06
1;20;10;0.1;10000;0.12410000;0.87590000;0.0032969560;20.76;14.78
2;1;100;0.1;100000;0.14382000;0.85618000;0.0011096657;76.76;19.70
2;2;100;0.1;100000;0.14520000;0.85480000;0.0011140779;76.83;19.59
2;3;100;0.1;100000;0.14528000;0.85472000;0.0011143326;76.73;19.66
2;4;100;0.1;100000;0.14612000;0.85388000;0.0011170002;76.76;19.62
2;5;100;0.1;100000;0.14314000;0.85686000;0.0011074789;76.79;19.66
2;6;100;0.1;100000;0.14460000;0.85540000;0.0011121638;76.91;19.67
2;7;100;0.1;100000;0.14167000;0.85833000;0.0011027221;76.80;19.60
2;8;100;0.1;100000;0.14520000;0.85480000;0.0011140779;76.80;19.51
2;9;100;0.1;100000;0.14546000;0.85454000;0.0011149053;76.92;19.66
2;10;100;0.1;100000;0.14360000;0.85640000;0.0011089592;76.81;19.59
2;11;100;0.1;100000;0.14513000;0.85487000;0.0011138549;76.81;19.55
2;12;100;0.1;100000;0.14620000;0.85380000;0.0011172536;76.85;19.64
2;13;100;0.1;100000;0.14376000;0.85624000;0.0011094731;76.80;19.67
2;14;100;0.1;100000;0.14583000;0.85417000;0.0011160807;76.79;19.60
2;15;100;0.1;100000;0.14650000;0.85350000;0.0011182028;76.87;19.62
2;16;100;0.1;100000;0.14461000;0.85539000;0.0011121958;76.74;19.63
2;17;100;0.1;100000;0.14589000;0.85411000;0.0011162711;76.98;19.70
2;18;100;0.1;100000;0.14522000;0.85478000;0.0011141416;76.91;19.56
2;19;100;0.1;100000;0.14331000;0.85669000;0.0011080264;76.72;19.52
2;20;100;0.1;100000;0.14253000;0.85747000;0.0011055098;76.89;19.63
1;1;10;0.1;10000;0.13490000;0.86510000;0.0034161673;21.19;15.21
1;2;10;0.1;10000;0.13570000;0.86430000;0.0034246972;20.62;14.57
1;3;10;0.1;10000;0.12860000;0.87140000;0.0033475669;21.01;14.86
1;4;10;0.1;10000;0.12840000;0.87160000;0.0033453466;21.09;14.93
1;5;10;0.1;10000;0.12340000;0.87660000;0.0032889579;21.07;14.80
1;6;10;0.1;10000;0.12210000;0.87790000;0.0032740127;20.83;14.61
1;7;10;0.1;10000;0.13010000;0.86990000;0.0033641342;20.58;14.29
1;8;10;0.1;10000;0.12930000;0.87070000;0.0033553168;21.22;14.91
1;9;10;0.1;10000;0.12650000;0.87350000;0.0033241202;21.09;15.29
1;10;10;0.1;10000;0.12910000;0.87090000;0.0033531059;21.08;15.01
1;11;10;0.1;10000;0.13350000;0.86650000;0.0034011432;20.63;14.45
1;12;10;0.1;10000;0.13330000;0.86670000;0.0033989868;21.04;14.84
1;13;10;0.1;10000;0.12980000;0.87020000;0.0033608326;21.17;14.95
1;14;10;0.1;10000;0.12390000;0.87610000;0.0032946743;20.86;14.76
1;15;10;0.1;10000;0.12600000;0.87400000;0.0033184936;21.19;14.92
1;16;10;0.1;10000;0.12910000;0.87090000;0.0033531059;20.79;14.37
1;17;10;0.1;10000;0.12300000;0.87700000;0.0032843721;20.94;14.94
1;18;10;0.1;10000;0.12620000;0.87380000;0.0033207463;20.97;14.93
1;19;10;0.1;10000;0.12830000;0.87170000;0.0033442355;21.17;15.23
1;20;10;0.1;10000;0.12500000;0.87500000;0.0033071891;21.24;14.91
2;1;100;0.1;100000;0.14364000;0.85636000;0.0011090877;76.88;19.69
2;2;100;0.1;100000;0.14437000;0.85563000;0.0011114284;76.86;19.61
2;3;100;0.1;100000;0.14381000;0.85619000;0.0011096337;76.87;19.63
2;4;100;0.1;100000;0.14520000;0.85480000;0.0011140779;76.90;19.75
2;5;100;0.1;100000;0.14389000;0.85611000;0.0011098904;76.69;19.53
2;6;100;0.1;100000;0.14570000;0.85430000;0.0011156680;76.82;19.60
2;7;100;0.1;100000;0.14418000;0.85582000;0.0011108201;76.82;19.69
2;8;100;0.1;100000;0.14402000;0.85598000;0.0011103073;76.87;19.70
2;9;100;0.1;100000;0.14440000;0.85560000;0.0011115244;76.86;19.57
2;10;100;0.1;100000;0.14433000;0.85567000;0.0011113004;76.86;19.56
2;11;100;0.1;100000;0.14512000;0.85488000;0.0011138231;76.87;19.62
2;12;100;0.1;100000;0.14481000;0.85519000;0.0011128345;76.86;19.69
2;13;100;0.1;100000;0.14475000;0.85525000;0.0011126430;76.83;19.56
2;14;100;0.1;100000;0.14528000;0.85472000;0.0011143326;76.90;19.61
2;15;100;0.1;100000;0.14437000;0.85563000;0.0011114284;76.73;19.69
2;16;100;0.1;100000;0.14457000;0.85543000;0.0011120680;76.86;19.65
2;17;100;0.1;100000;0.14570000;0.85430000;0.0011156680;76.72;19.57
2;18;100;0.1;100000;0.14569000;0.85431000;0.0011156362;76.89;19.56
2;19;100;0.1;100000;0.14308000;0.85692000;0.0011072855;76.90;19.61
2;20;100;0.1;100000;0.14546000;0.85454000;0.0011149053;76.67;19.59
1;1;10;0.1;10000;0.00000000;1.00000000;0.0000000000;0.00;0.00
1;2;10;0.1;10000;0.00000000;1.00000000;0.0000000000;0.00;0.00
1;3;10;0.1;10000;0.00000000;1.00000000;0.0000000000;0.00;0.00
1;4;10;0.1;10000;0.00000000;1.00000000;0.0000000000;0.00;0.00
1;5;10;0.1;10000;0.00000000;1.00000000;0.0000000000;0.00;0.00
1;6;10;0.1;10000;0.00000000;1.00000000;0.0000000000;0.00;0.00
1;7;10;0.1;10000;0.00000000;1.00000000;0.0000000000;0.00;0.00
1;8;10;0.1;10000;0.00000000;1.00000000;0.0000000000;0.00;0.00
1;9;10;0.1;10000;0.00000000;1.00000000;0.0000000000;0.00;0.00
1;10;10;0.1;10000;0.00000000;1.00000000;0.0000000000;0.00;0.00
1;11;10;0.1;10000;0.00000000;1.00000000;0.0000000000;0.00;0.00
1;12;10;0.1;10000;0.00000000;1.00000000;0.0000000000;0.00;0.00
1;13;10;0.1;10000;0.00000000;1.00000000;0.0000000000;0.00;0.00
1;14;10;0.1;10000;0.00000000;1.00000000;0.0000000000;0.00;0.00
1;15;10;0.1;10000;0.00000000;1.00000000;0.0000000000;0.00;0.00
1;16;10;0.1;10000;0.00000000;1.00000000;0.0000000000;0.00;0.00
1;17;10;0.1;10000;0.00000000;1.00000000;0.0000000000;0.00;0.00
1;18;10;0.1;10000;0.00000000;1.00000000;0.0000000000;0.00;0.00
1;19;10;0.1;10000;0.00000000;1.00000000;0.0000000000;0.00;0.00
1;20;10;0.1;10000;0.00000000;1.00000000;0.0000000000;0.00;0.00
2;1;100;0.1;100000;0.00045000;0.99955000;0.0000670669;59.16;16.27
2;2;100;0.1;100000;0.00041000;0.99959000;0.0000640181;59.13;16.31
2;3;100;0.1;100000;0.00042000;0.99958000;0.0000647938;59.19;16.21
2;4;100;0.1;100000;0.00049000;0.99951000;0.0000699828;59.16;16.21
2;5;100;0.1;100000;0.00052000;0.99948000;0.0000720923;59.16;16.35
2;6;100;0.1;100000;0.00049000;0.99951000;0.0000699828;59.13;16.21
2;7;100;0.1;100000;0.00050000;0.99950000;0.0000706930;59.13;16.17
2;8;100;0.1;100000;0.00048000;0.99952000;0.0000692654;59.20;16.25
2;9;100;0.1;100000;0.00044000;0.99956000;0.0000663179;59.12;16.31
2;10;100;0.1;100000;0.00049000;0.99951000;0.0000699828;59.18;16.25
2;11;100;0.1;100000;0.00040000;0.99960000;0.0000632329;59.23;16.26
2;12;100;0.1;100000;0.00052000;0.99948000;0.0000720923;59.18;16.29
2;13;100;0.1;100000;0.00047000;0.99953000;0.0000685404;59.23;16.34
2;14;100;0.1;100000;0.00046000;0.99954000;0.0000678077;59.14;16.21
2;15;100;0.1;100000;0.00054000;0.99946000;0.0000734648;59.16;16.23
2;16;100;0.1;100000;0.00041000;0.99959000;0.0000640181;59.16;16.33
2;17;100;0.1;100000;0.00043000;0.99957000;0.0000655603;59.11;16.22
2;18;100;0.1;100000;0.00040000;0.99960000;0.0000632329;59.14;16.19
2;19;100;0.1;100000;0.00039000;0.99961000;0.0000624378;59.13;16.15
2;20;100;0.1;100000;0.00059000;0.99941000;0.0000767888;59.21;16.27
1;1;10;0.1;10000;0.00000000;1.00000000;0.0000000000;0.00;0.00
1;2;10;0.1;10000;0.00000000;1.00000000;0.0000000000;0.00;0.00
1;3;10;0.1;10000;0.00000000;1.00000000;0.0000000000;0.00;0.00
1;4;10;0.1;10000;0.00000000;1.00000000;0.0000000000;0.00;0.00
1;5;10;0.1;10000;0.00000000;1.00000000;0.0000000000;0.00;0.00
1;6;10;0.1;10000;0.00000000;1.00000000;0.0000000000;0.00;0.00
1;7;10;0.1;10000;0.00000000;1.00000000;0.0000000000;0.00;0.00
1;8;10;0.1;10000;0.00000000;1.00000000;0.0000000000;0.00;0.00
1;9;10;0.1;10000;0.00000000;1.00000000;0.0000000000;0.00;0.00
1;10;10;0.1;10000;0.00000000;1.00000000;0.0000000000;0.00;0.00
1;11;10;0.1;10000;0.00000000;1.00000000;0.0000000000;0.00;0.00
1;12;10;0.1;10000;0.00000000;1.00000000;0.0000000000;0.00;0.00
1;13;10;0.1;10000;0.00000000;1.00000000;0.0000000000;0.00;0.00
1;14;10;0.1;10000;0.00000000;1.00000000;0.0000000000;0.00;0.00
1;15;10;0.1;10000;0.00000000;1.00000000;0.0000000000;0.00;0.00
1;16;10;0.1;10000;0.00000000;1.00000000;0.0000000000;0.00;0.00
1;17;10;0.1;10000;0.00000000;1.00000000;0.0000000000;0.00;0.00
1;18;10;0.1;10000;0.00000000;1.00000000;0.0000000000;0.00;0.00
1;19;10;0.1;10000;0.00000000;1.00000000;0.0000000000;0.00;0.00
1;20;10;0.1;10000;0.00000000;1.00000000;0.0000000000;0.00;0.00
2;1;100;0.1;100000;0.00000000;1.00000000;0.0000000000;43.90;14.66
2;2;100;0.1;100000;0.00000000;1.00000000;0.0000000000;43.77;14.73
2;3;100;0.1;100000;0.00000000;1.00000000;0.0000000000;43.86;14.76
2;4;100;0.1;100000;0.00000000;1.00000000;0.0000000000;43.77;14.69
2;5;100;0.1;100000;0.00000000;1.00000000;0.0000000000;43.90;14.73
2;6;100;0.1;100000;0.00000000;1.00000000;0.0000000000;43.88;14.66
2;7;100;0.1;100000;0.00000000;1.00000000;0.0000000000;43.88;14.73
2;8;100;0.1;100000;0.00000000;1.00000000;0.0000000000;43.88;14.69
2;9;100;0.1;100000;0.00000000;1.00000000;0.0000000000;43.81;14.66
2;10;100;0.1;100000;0.00000000;1.00000000;0.0000000000;43.93;14.72
2;11;100;0.1;100000;0.00000000;1.00000000;0.0000000000;43.92;14.74
2;12;100;0.1;100000;0.00000000;1.00000000;0.0000000000;43.87;14.74
2;13;100;0.1;100000;0.00000000;1.00000000;0.0000000000;43.80;14.65
2;14;100;0.1;100000;0.00000000;1.00000000;0.0000000000;43.90;14.74
2;15;100;0.1;100000;0.00000000;1.00000000;0.0000000000;43.81;14.64
2;16;100;0.1;100000;0.00000000;1.00000000;0.0000000000;43.83;14.76
2;17;100;0.1;100000;0.00000000;1.00000000;0.0000000000;43.88;14.71
2;18;100;0.1;100000;0.00000000;1.00000000;0.0000000000;43.80;14.71
2;19;100;0.1;100000;0.00000000;1.00000000;0.0000000000;43.89;14.81
2;20;100;0.1;100000;0.00000000;1.00000000;0.0000000000;43.86;14.67
1;1;100;0.1;100000;0.00000000;1.00000000;0.0000000000;0.00;0.00
1;2;100;0.1;100000;0.00000000;1.00000000;0.0000000000;0.00;0.00
1;3;100;0.1;100000;0.00000000;1.00000000;0.0000000000;0.00;0.00
1;4;100;0.1;100000;0.00000000;1.00000000;0.0000000000;0.00;0.00
1;5;100;0.1;100000;0.00000000;1.00000000;0.0000000000;0.00;0.00
1;6;100;0.1;100000;0.00000000;1.00000000;0.0000000000;0.00;0.00
1;7;100;0.1;100000;0.00000000;1.00000000;0.0000000000;0.00;0.00
1;8;100;0.1;100000;0.00000000;1.00000000;0.0000000000;0.00;0.00
1;9;100;0.1;100000;0.00000000;1.00000000;0.0000000000;0.00;0.00
1;10;100;0.1;100000;0.00000000;1.00000000;0.0000000000;0.00;0.00
1;11;100;0.1;100000;0.00000000;1.00000000;0.0000000000;0.00;0.00
1;12;100;0.1;100000;0.00000000;1.00000000;0.0000000000;0.00;0.00
1;13;100;0.1;100000;0.00000000;1.00000000;0.0000000000;0.00;0.00
1;14;100;0.1;100000;0.00000000;1.00000000;0.0000000000;0.00;0.00
1;15;100;0.1;100000;0.00000000;1.00000000;0.0000000000;0.00;0.00
1;16;100;0.1;100000;0.00000000;1.00000000;0.0000000000;0.00;0.00
1;17;100;0.1;100000;0.00000000;1.00000000;0.0000000000;0.00;0.00
1;18;100;0.1;100000;0.00000000;1.00000000;0.0000000000;0.00;0.00
1;19;100;0.1;100000;0.00000000;1.00000000;0.0000000000;0.00;0.00
1;20;100;0.1;100000;0.00000000;1.00000000;0.0000000000;0.00;0.00
1;1;100;0.1;100000;0.00000000;1.00000000;0.0000000000;43.80;14.63
1;2;100;0.1;100000;0.00000000;1.00000000;0.0000000000;43.81;14.67
1;3;100;0.1;100000;0.00000000;1.00000000;0.0000000000;43.73;14.57
1;4;100;0.1;100000;0.00000000;1.00000000;0.0000000000;43.81;14.70
1;5;100;0.1;100000;0.00000000;1.00000000;0.0000000000;43.84;14.68
1;6;100;0.1;100000;0.00000000;1.00000000;0.0000000000;43.88;14.68
1;7;100;0.1;100000;0.00000000;1.00000000;0.0000000000;43.86;14.69
1;8;100;0.1;100000;0.00000000;1.00000000;0.0000000000;43.89;14.77
1;9;100;0.1;100000;0.00000000;1.00000000;0.0000000000;43.88;14.65
1;10;100;0.1;100000;0.00000000;1.00000000;0.0000000000;43.82;14.67
1;11;100;0.1;100000;0.00000000;1.00000000;0.0000000000;43.87;14.75
1;12;100;0.1;100000;0.00000000;1.00000000;0.0000000000;43.73;14.52
1;13;100;0.1;100000;0.00000000;1.00000000;0.0000000000;43.86;14.76
1;14;100;0.1;100000;0.00000000;1.00000000;0.0000000000;43.80;14.68
1;15;100;0.1;100000;0.00000000;1.00000000;0.0000000000;43.84;14.67
1;16;100;0.1;100000;0.00000000;1.00000000;0.0000000000;43.86;14.63
1;17;100;0.1;100000;0.00000000;1.00000000;0.0000000000;43.86;14.68
1;18;100;0.1;100000;0.00000000;1.00000000;0.0000000000;43.77;14.71
1;19;100;0.1;100000;0.00000000;1.00000000;0.0000000000;43.84;14.70
1;20;100;0.1;100000;0.00000000;1.00000000;0.0000000000;43.82;14.64
1;1;100;0.1;100000;0.00049000;0.99951000;0.0000699828;59.13;16.22
1;2;100;0.1;100000;0.00039000;0.99961000;0.0000624378;59.19;16.25
1;3;100;0.1;100000;0.00044000;0.99956000;0.0000663179;59.18;16.27
1;4;100;0.1;100000;0.00044000;0.99956000;0.0000663179;59.11;16.29
1;5;100;0.1;100000;0.00040000;0.99960000;0.0000632329;59.11;16.23
1;6;100;0.1;100000;0.00052000;0.99948000;0.0000720923;59.15;16.26
1;7;100;0.1;100000;0.00046000;0.99954000;0.0000678077;59.18;16.35
1;8;100;0.1;100000;0.00044000;0.99956000;0.0000663179;59.23;16.35
1;9;100;0.1;100000;0.00049000;0.99951000;0.0000699828;59.11;16.31
1;10;100;0.1;100000;0.00038000;0.99962000;0.0000616324;59.24;16.36
1;11;100;0.1;100000;0.00036000;0.99964000;0.0000599892;59.16;16.29
1;12;100;0.1;100000;0.00050000;0.99950000;0.0000706930;59.12;16.26
1;13;100;0.1;100000;0.00041000;0.99959000;0.0000640181;59.19;16.27
1;14;100;0.1;100000;0.00048000;0.99952000;0.0000692654;59.25;16.35
1;15;100;0.1;100000;0.00042000;0.99958000;0.0000647938;59.17;16.29
1;16;100;0.1;100000;0.00027000;0.99973000;0.0000519545;59.18;16.32
1;17;100;0.1;100000;0.00041000;0.99959000;0.0000640181;59.25;16.32
1;18;100;0.1;100000;0.00040000;0.99960000;0.0000632329;59.08;16.24
1;19;100;0.1;100000;0.00050000;0.99950000;0.0000706930;59.11;16.16
1;20;100;0.1;100000;0.00044000;0.99956000;0.0000663179;59.09;16.27
1;1;100;0.1;100000;0.00000000;1.00000000;0.0000000000;43.85;14.73
1;2;100;0.1;100000;0.00000000;1.00000000;0.0000000000;43.82;14.68
1;3;100;0.1;100000;0.00000000;1.00000000;0.0000000000;43.91;14.74
1;4;100;0.1;100000;0.00000000;1.00000000;0.0000000000;43.81;14.69
1;5;100;0.1;100000;0.00000000;1.00000000;0.0000000000;43.81;14.66
1;6;100;0.1;100000;0.00000000;1.00000000;0.0000000000;43.79;14.68
1;7;100;0.1;100000;0.00000000;1.00000000;0.0000000000;43.75;14.69
1;8;100;0.1;100000;0.00000000;1.00000000;0.0000000000;43.85;14.67
1;9;100;0.1;100000;0.00000000;1.00000000;0.0000000000;43.80;14.65
1;10;100;0.1;100000;0.00000000;1.00000000;0.0000000000;43.86;14.69
1;11;100;0.1;100000;0.00000000;1.00000000;0.0000000000;43.85;14.71
1;12;100;0.1;100000;0.00000000;1.00000000;0.0000000000;43.95;14.76
1;13;100;0.1;100000;0.00000000;1.00000000;0.0000000000;43.88;14.66
1;14;100;0.1;100000;0.00000000;1.00000000;0.0000000000;43.90;14.64
1;15;100;0.1;100000;0.00000000;1.00000000;0.0000000000;43.74;14.67
1;16;100;0.1;100000;0.00000000;1.00000000;0.0000000000;43.88;14.68
1;17;100;0.1;100000;0.00000000;1.00000000;0.0000000000;43.92;14.70
1;18;100;0.1;100000;0.00000000;1.00000000;0.0000000000;43.78;14.65
1;19;100;0.1;100000;0.00000000;1.00000000;0.0000000000;43.87;14.75
1;20;100;0.1;100000;0.00000000;1.00000000;0.0000000000;43.76;14.60
1;1;100;0.1;100000;0.00000000;1.00000000;0.0000000000;43.85;14.72
1;2;100;0.1;100000;0.00000000;1.00000000;0.0000000000;43.76;14.64
1;3;100;0.1;100000;0.00000000;1.00000000;0.0000000000;43.79;14.68
1;4;100;0.1;100000;0.00000000;1.00000000;0.0000000000;43.77;14.62
1;5;100;0.1;100000;0.00000000;1.00000000;0.0000000000;43.95;14.73
1;6;100;0.1;100000;0.00000000;1.00000000;0.0000000000;43.87;14.75
1;7;100;0.1;100000;0.00000000;1.00000000;0.0000000000;43.85;14.69
1;8;100;0.1;100000;0.00000000;1.00000000;0.0000000000;43.87;14.72
1;9;100;0.1;100000;0.00000000;1.00000000;0.0000000000;43.94;14.76
1;10;100;0.1;100000;0.00000000;1.00000000;0.0000000000;43.77;14.66
1;11;100;0.1;100000;0.00000000;1.00000000;0.0000000000;43.86;14.76
1;12;100;0.1;100000;0.00000000;1.00000000;0.0000000000;43.85;14.69
1;13;100;0.1;100000;0.00000000;1.00000000;0.0000000000;43.81;14.74
1;14;100;0.1;100000;0.00000000;1.00000000;0.0000000000;43.85;14.65
1;15;100;0.1;100000;0.00000000;1.00000000;0.0000000000;43.84;14.59
1;16;100;0.1;100000;0.00000000;1.00000000;0.0000000000;43.85;14.67
1;17;100;0.1;100000;0.00000000;1.00000000;0.0000000000;43.76;14.62
1;18;100;0.1;100000;0.00000000;1.00000000;0.0000000000;43.76;14.64
1;19;100;0.1;100000;0.00000000;1.00000000;0.0000000000;43.83;14.61
1;20;100;0.1;100000;0.00000000;1.00000000;0.0000000000;43.85;14.73
2;1;1000;0.02;10000;0.01540000;0.98460000;0.0012313748;411.99;84.98
2;2;1000;0.02;10000;0.01920000;0.98080000;0.0013722740;410.54;84.68
2;3;1000;0.02;10000;0.01950000;0.98050000;0.0013827418;412.01;85.26
2;4;1000;0.02;10000;0.01890000;0.98110000;0.0013617191;412.71;85.20
2;5;1000;0.02;10000;0.01820000;0.98180000;0.0013367408;412.31;85.37
2;6;1000;0.02;10000;0.02090000;0.97910000;0.0014304961;410.86;85.41
2;7;1000;0.02;10000;0.01910000;0.98090000;0.0013687655;411.98;85.50
2;8;1000;0.02;10000;0.01770000;0.98230000;0.0013185867;412.37;85.50
2;9;1000;0.02;10000;0.01730000;0.98270000;0.0013038677;410.54;84.88
2;10;1000;0.02;10000;0.01800000;0.98200000;0.0013295112;410.08;84.96
2;11;1000;0.02;10000;0.01840000;0.98160000;0.0013439286;411.09;86.39
2;12;1000;0.02;10000;0.01980000;0.98020000;0.0013931245;411.05;84.28
2;13;1000;0.02;10000;0.01570000;0.98430000;0.0012431215;410.81;84.93
2;14;1000;0.02;10000;0.01780000;0.98220000;0.0013222390;411.12;85.83
2;15;1000;0.02;10000;0.02010000;0.97990000;0.0014034240;411.97;85.08
2;16;1000;0.02;10000;0.01800000;0.98200000;0.0013295112;410.43;84.68
2;17;1000;0.02;10000;0.02000000;0.98000000;0.0014000000;410.94;83.74
2;18;1000;0.02;10000;0.01920000;0.98080000;0.0013722740;410.64;84.38
2;19;1000;0.02;10000;0.01720000;0.98280000;0.0013001600;411.03;84.37
2;20;1000;0.02;10000;0.01910000;0.98090000;0.0013687655;410.41;85.50
1;1;100;0.1;100000;0.00000000;1.00000000;0.0000000000;43.79;14.65
1;2;100;0.1;100000;0.00000000;1.00000000;0.0000000000;43.83;14.65
1;3;100;0.1;100000;0.00000000;1.00000000;0.0000000000;43.87;14.67
1;4;100;0.1;100000;0.00000000;1.00000000;0.0000000000;43.80;14.68
1;5;100;0.1;100000;0.00000000;1.00000000;0.0000000000;43.80;14.64
1;6;100;0.1;100000;0.00000000;1.00000000;0.0000000000;43.88;14.82
1;7;100;0.1;100000;0.00000000;1.00000000;0.0000000000;43.87;14.73
1;8;100;0.1;100000;0.00000000;1.00000000;0.0000000000;43.82;14.69
1;9;100;0.1;100000;0.00000000;1.00000000;0.0000000000;43.82;14.65
1;10;100;0.1;100000;0.00000000;1.00000000;0.0000000000;43.83;14.74
1;11;100;0.1;100000;0.00000000;1.00000000;0.0000000000;43.86;14.66
1;12;100;0.1;100000;0.00000000;1.00000000;0.0000000000;43.82;14.71
1;13;100;0.1;100000;0.00000000;1.00000000;0.0000000000;43.80;14.62
1;14;100;0.1;100000;0.00000000;1.00000000;0.0000000000;43.84;14.64
1;15;100;0.1;100000;0.00000000;1.00000000;0.0000000000;43.85;14.70
1;16;100;0.1;100000;0.00000000;1.00000000;0.0000000000;43.84;14.74
1;17;100;0.1;100000;0.00000000;1.00000000;0.0000000000;43.86;14.70
1;18;100;0.1;100000;0.00000000;1.00000000;0.0000000000;43.82;14.69
1;19;100;0.1;100000;0.00000000;1.00000000;0.0000000000;43.85;14.64
1;20;100;0.1;100000;0.00000000;1.00000000;0.0000000000;43.85;14.67
2;1;1000;0.02;10000;0.01830000;0.98170000;0.0013403399;411.03;86.20
2;2;1000;0.02;10000;0.01790000;0.98210000;0.0013258805;411.92;86.29
2;3;1000;0.02;10000;0.02070000;0.97930000;0.0014237805;411.40;84.58
2;4;1000;0.02;10000;0.01810000;0.98190000;0.0013331313;412.10;85.62
2;5;1000;0.02;10000;0.01650000;0.98350000;0.0012738819;412.81;85.47
2;6;1000;0.02;10000;0.01840000;0.98160000;0.0013439286;411.16;83.93
2;7;1000;0.02;10000;0.01950000;0.98050000;0.0013827418;410.88;84.65
2;8;1000;0.02;10000;0.01810000;0.98190000;0.0013331313;412.60;86.19
2;9;1000;0.02;10000;0.01970000;0.98030000;0.0013896730;411.94;83.84
2;10;1000;0.02;10000;0.01710000;0.98290000;0.0012964409;410.31;84.10
2;11;1000;0.02;10000;0.02060000;0.97940000;0.0014204098;410.32;84.87
2;12;1000;0.02;10000;0.01880000;0.98120000;0.0013581811;411.50;85.40
2;13;1000;0.02;10000;0.01910000;0.98090000;0.0013687655;411.66;84.44
2;14;1000;0.02;10000;0.02040000;0.97960000;0.0014136421;411.91;86.44
2;15;1000;0.02;10000;0.01980000;0.98020000;0.0013931245;411.38;84.72
2;16;1000;0.02;10000;0.01840000;0.98160000;0.0013439286;412.01;87.03
2;17;1000;0.02;10000;0.01780000;0.98220000;0.0013222390;410.98;84.70
2;18;1000;0.02;10000;0.01800000;0.98200000;0.0013295112;410.70;85.68
2;19;1000;0.02;10000;0.01770000;0.98230000;0.0013185867;411.10;84.39
2;20;1000;0.02;10000;0.01780000;0.98220000;0.0013222390;412.39;85.27
1;1;100;0.1;100000;0.00000000;1.00000000;0.0000000000;43.85;14.67
1;2;100;0.1;100000;0.00000000;1.00000000;0.0000000000;43.93;14.70
1;3;100;0.1;100000;0.00000000;1.00000000;0.0000000000;43.79;14.72
1;4;100;0.1;100000;0.00000000;1.00000000;0.0000000000;43.85;14.64
1;5;100;0.1;100000;0.00000000;1.00000000;0.0000000000;43.76;14.61
1;6;100;0.1;100000;0.00000000;1.00000000;0.0000000000;43.76;14.64
1;7;100;0.1;100000;0.00000000;1.00000000;0.0000000000;43.87;14.74
1;8;100;0.1;100000;0.00000000;1.00000000;0.0000000000;43.84;14.69
1;9;100;0.1;100000;0.00000000;1.00000000;0.0000000000;43.84;14.70
1;10;100;0.1;100000;0.00000000;1.00000000;0.0000000000;43.81;14.70
1;11;100;0.1;100000;0.00000000;1.00000000;0.0000000000;43.84;14.68
1;12;100;0.1;100000;0.00000000;1.00000000;0.0000000000;43.82;14.60
1;13;100;0.1;100000;0.00000000;1.00000000;0.0000000000;43.80;14.65
1;14;100;0.1;100000;0.00000000;1.00000000;0.0000000000;43.77;14.60
1;15;100;0.1;100000;0.00000000;1.00000000;0.0000000000;43.77;14.67
1;16;100;0.1;100000;0.00000000;1.00000000;0.0000000000;43.80;14.63
1;17;100;0.1;100000;0.00000000;1.00000000;0.0000000000;43.90;14.73
1;18;100;0.1;100000;0.00000000;1.00000000;0.0000000000;43.84;14.65
1;19;100;0.1;100000;0.00000000;1.00000000;0.0000000000;43.87;14.68
1;20;100;0.1;100000;0.00000000;1.00000000;0.0000000000;43.88;14.70
2;1;1000;0.02;10000;0.01720000;0.98280000;0.0013001600;411.57;86.18
2;2;1000;0.02;10000;0.01750000;0.98250000;0.0013112494;412.31;85.12
2;3;1000;0.02;10000;0.01500000;0.98500000;0.0012155246;410.83;85.16
2;4;1000;0.02;10000;0.01690000;0.98310000;0.0012889682;411.92;84.57
2;5;1000;0.02;10000;0.01870000;0.98130000;0.0013546332;409.97;84.32
2;6;1000;0.02;10000;0.02100000;0.97900000;0.0014338410;410.92;86.25
2;7;1000;0.02;10000;0.01910000;0.98090000;0.0013687655;411.25;85.94
2;8;1000;0.02;10000;0.02050000;0.97950000;0.0014170303;411.90;85.57
2;9;1000;0.02;10000;0.01840000;0.98160000;0.0013439286;410.50;84.72
2;10;1000;0.02;10000;0.01650000;0.98350000;0.0012738819;411.44;84.75
2;11;1000;0.02;10000;0.01880000;0.98120000;0.0013581811;412.29;85.56
2;12;1000;0.02;10000;0.02020000;0.97980000;0.0014068390;410.72;85.22
2;13;1000;0.02;10000;0.01890000;0.98110000;0.0013617191;410.07;83.36
2;14;1000;0.02;10000;0.01930000;0.98070000;0.0013757729;411.88;84.71
2;15;1000;0.02;10000;0.01780000;0.98220000;0.0013222390;410.38;84.32
2;16;1000;0.02;10000;0.01940000;0.98060000;0.0013792621;411.73;84.74
2;17;1000;0.02;10000;0.01840000;0.98160000;0.0013439286;411.66;85.14
2;18;1000;0.02;10000;0.02090000;0.97910000;0.0014304961;409.81;83.30
2;19;1000;0.02;10000;0.01910000;0.98090000;0.0013687655;410.57;85.19
2;20;1000;0.02;10000;0.01740000;0.98260000;0.0013075641;411.07;84.61
1;1;100;0.1;100000;0.00000000;1.00000000;0.0000000000;43.86;14.71
1;2;100;0.1;100000;0.00000000;1.00000000;0.0000000000;43.87;14.72
1;3;100;0.1;100000;0.00000000;1.00000000;0.0000000000;43.82;14.64
1;4;100;0.1;100000;0.00000000;1.00000000;0.0000000000;43.87;14.62
1;5;100;0.1;100000;0.00000000;1.00000000;0.0000000000;43.83;14.70
1;6;100;0.1;100000;0.00000000;1.00000000;0.0000000000;43.83;14.62
1;7;100;0.1;100000;0.00000000;1.00000000;0.0000000000;43.86;14.74
1;8;100;0.1;100000;0.00000000;1.00000000;0.0000000000;43.81;14.64
1;9;100;0.1;100000;0.00000000;1.00000000;0.0000000000;43.94;14.75
1;10;100;0.1;100000;0.00000000;1.00000000;0.0000000000;43.84;14.61
1;11;100;0.1;100000;0.00000000;1.00000000;0.0000000000;43.75;14.67
1;12;100;0.1;100000;0.00000000;1.00000000;0.0000000000;43.77;14.63
1;13;100;0.1;100000;0.00000000;1.00000000;0.0000000000;43.75;14.74
1;14;100;0.1;100000;0.00000000;1.00000000;0.0000000000;43.94;14.73
1;15;100;0.1;100000;0.00000000;1.00000000;0.0000000000;43.74;14.66
1;16;100;0.1;100000;0.00000000;1.00000000;0.0000000000;43.93;14.70
1;17;100;0.1;100000;0.00000000;1.00000000;0.0000000000;43.78;14.60
1;18;100;0.1;100000;0.00000000;1.00000000;0.0000000000;43.79;14.67
1;19;100;0.1;100000;0.00000000;1.00000000;0.0000000000;43.83;14.69
1;20;100;0.1;100000;0.00000000;1.00000000;0.0000000000;43.75;14.65
2;1;1000;0.02;10000;0.02050000;0.97950000;0.0014170303;410.37;83.29
2;2;1000;0.02;10000;0.02030000;0.97970000;0.0014102450;412.47;84.40
2;3;1000;0.02;10000;0.01890000;0.98110000;0.0013617191;410.14;84.32
2;4;1000;0.02;10000;0.01680000;0.98320000;0.0012852144;411.20;84.39
2;5;1000;0.02;10000;0.01960000;0.98040000;0.0013862121;410.10;84.60
2;6;1000;0.02;10000;0.01920000;0.98080000;0.0013722740;410.93;85.41
2;7;1000;0.02;10000;0.01900000;0.98100000;0.0013652472;411.47;85.97
2;8;1000;0.02;10000;0.01630000;0.98370000;0.0012662666;411.55;84.36
2;9;1000;0.02;10000;0.01880000;0.98120000;0.0013581811;412.07;85.67
2;10;1000;0.02;10000;0.02060000;0.97940000;0.0014204098;412.42;86.04
2;11;1000;0.02;10000;0.01810000;0.98190000;0.0013331313;412.69;84.84
2;12;1000;0.02;10000;0.01920000;0.98080000;0.0013722740;411.05;85.74
2;13;1000;0.02;10000;0.01810000;0.98190000;0.0013331313;410.96;83.90
2;14;1000;0.02;10000;0.01740000;0.98260000;0.0013075641;411.41;84.38
2;15;1000;0.02;10000;0.01970000;0.98030000;0.0013896730;410.22;84.12
2;16;1000;0.02;10000;0.02120000;0.97880000;0.0014405055;412.22;85.40
2;17;1000;0.02;10000;0.01920000;0.98080000;0.0013722740;412.64;85.61
2;18;1000;0.02;10000;0.01680000;0.98320000;0.0012852144;412.34;85.93
2;19;1000;0.02;10000;0.01840000;0.98160000;0.0013439286;411.34;83.94
2;20;1000;0.02;10000;0.01720000;0.98280000;0.0013001600;410.49;84.82
